うさぎとかめ
creater
120 60 3.5 500 400 300
0 7.343991
1 7.717324
0 8.282653
1 8.858663
0 9.466644
1 10.032
0 10.57599
1 11.66399
1 12.19732
0 12.76265
0 13.32798
1 13.85066
0 14.44798
1 14.97066
0 15.53599
0 16.17599
1 16.19732
1 17.24265
0 17.26399
0 18.42664
1 18.92798
0 19.51465
1 20.02664
0 20.66664
1 20.92265
0 21.15732
1 21.75465
0 22.27732
1 22.88533
0 23.16265
1 23.41866
0 23.98399
1 24.48533
0 28.50664
1 28.89066
0 29.44533
0 29.96798
1 30.512
1 31.06664
0 31.64265
1 32.71998
0 33.92533
1 33.94664
0 34.40533
1 35.02399
0 36.14399
0 36.432
1 36.71998
1 37.29599
1 37.53066
1 37.77599
0 38.29866
1 38.832
0 39.02399
1 39.34399
0 40.00533
1 40.52798
1 41.13599
0 41.70132
0 42.22399
0 42.75732
1 42.75732
1 43.84533
0 43.88798
0 45.05066
1 46.09599
0 47.21599
1 48.26131
0 49.39199
0 49.94664
1 50.46932
1 51.09866
0 51.64265
1 52.17599
0 52.71998
0 53.27465
1 53.89331
0 55.04533
1 55.33331
0 55.62132
0 56.19732
1 56.65599
1 57.17866
0 57.70132
1 57.70132
0 58.88533
1 58.88533
0 59.45066
1 59.71732
0 60.02665
1 60.02665
0 60.62399
1 61.17866
0 61.70132
1 61.92533
0 62.77866
1 62.77866
0 63.88799
1 63.88799
1 64.90131
0 65.44533
1 66.07465
1 66.63998
0 66.66132
0 73.89331
1 76.10132
0 77.17867
1 78.28798
0 78.75732
1 79.01331
0 79.27998
1 79.50399
0 79.952
1 79.97331
1 81.10399
0 82.12798
0 83.25866
0 83.84533
1 84.31465
1 84.89066
0 85.44533
1 86.01066
0 86.59732
1 87.14131
0 87.71732
1 88.26131
0 88.84798
1 89.90399
0 91.08798
1 92.19733
0 93.30664
0 94.40533
1 94.42664
0 95.50399
1 95.50399
0 96.69866
1 96.71998
1 97.22131
0 97.24265
0 99.52533
1 99.52533
0 100.5813
1 100.5813
0 101.1573
1 101.1573
0 101.5947
1 101.5947
