はみがきのうた
creater
120 60 3.5 500 400 300
0 3.514648
1 3.951995
0 4.570658
1 5.082653
0 5.658662
1 6.21331
0 6.831995
1 7.471995
0 8.06932
1 8.666644
0 9.274649
1 9.861315
0 10.52265
1 11.10932
0 11.70664
1 12.32533
0 12.86932
0 13.42399
1 13.99998
1 14.68265
0 15.32265
1 15.82399
0 16.50664
1 17.07199
1 17.712
0 17.73331
1 18.30932
0 18.31998
1 18.90664
0 18.91732
0 19.472
1 20.112
0 20.67732
1 21.30664
0 21.88265
1 22.46932
0 23.08798
1 23.72798
0 24.28265
1 24.86932
0 25.45599
1 26.05331
0 26.72533
1 27.26932
0 27.87733
1 28.47465
0 29.07199
1 29.73331
0 30.28798
1 30.90664
0 31.57866
1 32.18665
0 32.73066
1 33.33866
0 33.93599
1 34.57598
0 35.152
1 35.72798
0 36.30399
1 36.86932
0 37.45599
1 38.08533
0 38.672
1 39.23732
0 39.83465
1 40.432
0 41.22131
1 41.75465
1 42.27732
0 42.77866
0 43.33331
1 43.78131
0 44.22932
1 44.67732
0 45.12533
1 45.60533
0 46.07465
1 46.55465
0 47.05598
0 47.65331
1 47.65331
1 48.07998
0 48.12265
1 48.62399
0 48.65599
0 49.15733
1 49.58399
1 50.10664
0 50.55465
0 51.05598
1 51.58932
1 52.12265
0 52.63465
0 53.02932
1 53.40265
0 53.82932
1 54.18132
0 54.62932
1 55.07732
0 55.48265
1 55.94131
0 56.35732
1 56.80533
0 57.23199
1 57.63733
0 58.07465
0 58.53331
1 58.92798
1 59.35465
0 59.80265
0 60.28265
1 60.65599
0 61.12533
1 61.58399
1 62.032
0 62.07465
0 68.10132
1 69.17867
0 70.37331
0 71.632
0 72.17599
1 72.752
1 73.37066
1 74.032
0 74.07465
0 74.672
1 74.672
0 75.53599
1 75.53599
0 81.66932
1 82.70399
0 83.37598
1 84.00533
0 84.57066
1 85.38132
1 85.82932
0 86.37331
0 86.92798
1 87.42932
1 88.02664
0 88.71998
0 89.27465
1 89.92533
1 90.27732
0 90.57599
0 90.87465
1 91.18399
0 91.47199
1 91.77066
0 92.06932
1 92.39998
0 92.42132
0 92.71998
1 92.95465
0 93.27465
1 93.58399
0 93.60533
0 93.88265
1 93.88265
0 94.22399
1 94.22399
0 94.53331
1 94.82131
0 95.17331
1 95.40798
0 95.87733
1 97.02932
1 97.58399
0 98.22399
0 98.83199
1 99.59998
1 99.88799
0 100.176
0 100.4853
1 100.8053
0 101.104
1 101.424
0 102.0213
0 102.288
0 103.1733
1 103.1733
0 104.4533
0 104.9547
1 105.5307
1 106.1387
0 106.8533
1 107.3866
0 108.0266
1 108.304
0 108.624
1 109.2213
1 109.776
0 110.4053
0 110.736
0 111.024
1 111.5787
0 112.176
1 112.8053
0 113.072
1 113.3707
0 114
0 114.576
1 115.1733
1 115.472
1 115.7707
0 116.4
1 116.9547
0 117.5307
0 118.1493
1 118.7573
1 119.3546
0 120.0587
0 120.6027
1 121.232
1 121.7866
0 122.4053
1 122.9707
0 123.6213
1 124.2507
0 124.752
0 125.52
1 125.9893
0 126.4693
1 126.9707
0 127.5787
1 127.824
0 128.0693
1 128.3253
0 128.5813
1 129.0507
0 129.6266
0 129.8507
1 130.128
0 130.672
0 130.7253
0 130.9066
1 131.12
0 131.6
1 131.856
0 132.0693
1 132.336
0 132.5707
0 133.072
1 133.0827
0 135.3333
0 135.4827
1 135.7387
0 136.1546
0 136.3893
1 136.6026
1 137.0293
1 137.232
0 137.456
1 137.904
0 138.1066
1 138.3307
0 138.736
1 139.2053
0 139.5893
1 140.0053
0 140.4533
1 140.7093
0 140.9227
1 141.1787
0 141.3813
1 141.6053
0 141.808
1 142
0 142.2346
1 142.4587
0 142.6507
1 142.8533
0 143.056
1 143.2587
0 143.4507
1 143.6747
0 143.9093
0 145.0293
1 145.0507
0 148.8587
1 149.808
1 150.9493
0 150.9707
1 151.5787
0 152.2293
0 152.784
1 152.784
0 153.3387
0 153.9573
1 153.9573
0 154.6933
1 155.2053
0 155.8347
1 155.856
0 156.592
1 156.6026
0 157.392
1 157.392
