뽀뽀뽀
creater
120 60 3.5 500 400 300
0 2.298662
1 2.565329
0 3.023991
1 3.482653
0 4.005329
1 4.506644
0 4.986644
1 5.434649
0 5.957324
1 6.405329
0 6.885329
1 7.311996
0 7.887981
1 8.357325
0 8.879977
1 9.338662
0 9.861315
1 10.11732
0 10.31998
1 10.77866
0 10.992
1 11.22664
0 11.40798
1 11.62132
0 11.85599
1 11.87732
0 12.432
1 12.432
0 13.72265
1 13.74399
1 13.97866
0 13.99998
0 14.22399
1 14.22399
0 14.69331
1 14.69331
0 14.92798
1 14.92798
0 15.13066
1 15.13066
0 15.632
1 15.85599
0 16.36798
1 16.92265
1 17.12533
1 17.65866
1 17.88265
1 18.08533
0 18.52265
0 18.75732
0 19.00265
1 19.56798
1 19.80265
0 20.26131
1 20.74132
0 20.97599
1 21.54132
1 21.79733
1 21.98932
1 22.20265
0 22.45866
0 22.66132
0 22.86399
0 23.16265
1 23.46132
0 23.65331
1 24.15465
0 24.69866
1 24.96533
0 25.42399
1 25.92533
0 26.40533
0 26.93866
1 26.95998
0 27.38664
1 27.83465
0 28.39998
1 28.66664
0 28.86932
1 29.35998
0 29.81866
1 30.29866
0 30.82132
0 31.32265
1 31.77066
1 32.26131
1 32.78399
0 33.22131
0 33.69066
0 34.18132
0 34.68265
1 35.13066
1 35.59998
1 36.112
1 36.592
0 37.11465
1 37.56265
0 38.02132
1 38.49066
0 39.03465
1 39.51465
0 39.53599
0 39.99465
1 39.99465
0 41.07199
1 42.02132
0 43.04533
1 43.97331
0 44.87998
1 45.93599
0 46.84265
1 47.88798
0 48.82664
1 48.82664
0 49.79733
1 49.79733
0 50.79998
0 51.00265
0 51.53599
1 52.79465
0 53.63733
1 54.68265
1 54.91732
1 55.39732
0 56.65599
1 57.58399
1 57.87199
0 58.60798
0 58.79998
1 59.30132
0 59.82399
1 60.05866
0 60.30399
1 60.53866
1 61.01866
0 61.54132
0 61.77599
1 62.02132
0 62.25599
1 62.50131
1 62.78932
0 63.20533
1 63.71732
0 63.91998
1 64.11199
0 64.32533
0 64.92265
1 65.47733
1 65.70132
1 65.93599
0 66.43732
1 66.93866
0 67.39732
1 67.69598
0 67.82399
1 68.09066
0 68.35732
0 68.86932
1 69.35998
1 69.83998
0 70.31998
0 70.79998
1 71.30132
0 71.53599
1 71.73866
0 71.93066
1 72.18665
1 72.71998
0 73.17867
0 73.70132
1 74.20265
1 74.70399
0 75.15199
0 75.68533
0 76.19733
0 76.64533
1 77.05066
0 77.55199
1 78.07465
0 78.58665
1 78.58665
0 79.03465
1 79.04533
