아기염소
creater
120 60 3.5 500 400 300
0 1.743991
1 2.14932
0 2.554648
1 3.002653
0 3.407982
1 3.90932
0 4.399977
1 4.86932
0 5.327982
1 5.82932
0 6.266644
1 6.778662
0 7.141315
1 7.578662
0 8.538662
1 9.434649
0 10.352
1 11.22664
0 12.18664
1 13.10399
0 14.05331
1 14.95998
0 15.86664
0 16.82664
0 17.75465
1 18.672
1 19.59998
0 20.49599
1 20.49599
0 21.46664
1 22.37331
0 23.25866
1 24.18664
0 25.11465
1 26.06399
1 27.10932
0 27.952
0 28.82664
1 29.66932
1 30.61866
0 31.50399
0 32.50665
1 33.33866
0 34.34132
1 35.25866
0 35.35465
0 37.05066
1 38.02132
0 38.98132
1 39.89866
0 40.81599
0 42.71465
1 42.71465
0 43.62132
1 44.10131
0 44.96533
1 45.90399
0 46.84265
1 47.68533
0 48.64533
1 49.56265
0 50.49066
1 51.45066
0 53.74399
1 54.59732
0 55.04533
1 55.53599
0 56.00533
1 56.49599
0 56.95465
1 57.43465
0 57.87199
1 58.34132
0 58.78932
0 59.77066
1 60.10131
1 61.11465
0 61.50932
0 61.97866
0 62.36266
1 62.87465
0 63.23733
1 63.56799
0 64.85867
1 64.85867
0 65.80798
1 66.672
0 67.58932
1 68.48533
0 68.50665
0 69.37066
1 69.37066
1 70.25599
0 71.18399
0 72.17599
0 73.11465
1 73.12533
0 73.59465
1 73.59465
0 74.55465
1 74.55465
0 75.38664
1 76.36798
1 77.35998
0 78.22399
1 79.17331
0 80.00533
1 80.95465
0 81.51997
1 81.90399
0 82.31998
1 82.55465
0 82.74664
1 83.00266
0 83.37598
1 83.79199
0 84.26131
1 84.46399
0 84.64533
1 84.86932
0 85.19997
1 85.99998
0 86.93866
1 87.87733
0 88.78399
1 89.65866
0 90.63998
1 91.61066
0 92.44265
1 93.38132
0 94.30932
1 95.19465
0 96.12265
1 97.13599
0 97.34932
1 97.55199
0 97.712
1 98.10664
0 98.87465
1 99.82399
0 100.7307
1 101.6587
0 102.6187
1 103.5253
0 103.5466
1 104.528
0 104.5387
0 105.04
1 105.04
