かえるのがっしょう
creater
120 60 3.5 500 400 300
0 2.170658
1 2.437324
0 2.810658
1 3.194649
0 3.546644
1 3.941315
0 4.357324
0 5.327982
0 5.690658
1 6.106644
1 6.479978
0 6.917324
1 7.727982
0 8.559978
1 9.317325
0 9.66932
1 10.06399
0 10.47998
0 11.00265
1 11.792
1 12.51732
0 13.34932
1 14.17066
0 15.04533
0 15.87733
1 16.67732
1 17.06132
1 17.92533
0 18.73599
1 19.13066
0 19.54664
1 19.94131
0 20.33599
1 20.68798
0 21.56265
1 23.19465
0 24.67732
1 26.30932
0 28.17599
1 28.84798
1 29.18932
0 29.63732
0 30.06399
1 30.47998
0 31.24798
1 32.05866
0 32.84798
1 33.66932
1 34.50132
0 35.29066
0 36.10131
1 36.10131
0 37.69066
1 39.33331
0 41.01866
0 41.42399
1 41.80798
1 42.65066
1 43.06664
0 43.43998
0 44.25066
1 45.85066
0 47.41866
1 49.01866
0 50.672
0 51.07732
0 51.50399
0 51.94131
1 52.31465
1 52.73066
1 53.12533
1 53.90399
0 54.81066
0 55.52533
1 55.54664
0 55.98399
1 55.98399
0 56.37866
1 56.37866
0 57.16798
1 57.97866
0 58.832
1 59.19465
0 59.632
1 60.39998
1 60.94399
1 61.31733
0 62.04266
0 62.88533
0 63.29066
0 63.74932
1 64.50665
0 65.31732
1 65.66932
0 66.10664
0 66.90665
1 66.90665
0 67.79199
1 67.79199
0 68.60265
1 68.96533
0 69.40266
0 70.23465
1 71.00266
0 71.39732
1 71.79199
0 72.19733
1 72.60265
0 73.44533
0 73.80798
1 74.23465
1 74.69331
0 75.04533
0 75.54665
1 75.87733
1 76.29331
0 76.67732
0 77.10399
1 77.47733
1 77.87199
0 78.30932
0 78.69331
1 79.07732
1 79.48265
0 79.94131
0 80.22932
0 80.48533
0 80.81599
1 81.51997
1 81.88265
1 82.28798
0 83.09866
1 83.94131
0 84.79465
1 85.15733
0 85.58399
0 86.37331
1 86.37331
0 89.66932
1 91.26932
0 92.92265
1 93.27465
0 93.712
1 94.06399
0 94.56533
0 94.95998
1 95.632
0 96.13331
1 97.63732
0 99.29066
1 100.9227
0 102.5653
0 102.8107
0 103.0987
0 103.312
0 103.504
0 103.696
0 103.8773
1 104.2507
1 104.4853
1 104.6773
1 104.88
1 105.0613
0 105.8293
1 106.6293
0 107.504
1 107.8773
0 108.272
0 109.1573
1 109.1573
0 110.6933
1 110.6933
0 112.3147
0 112.7733
1 113.168
1 113.5627
0 113.9466
1 114.384
0 114.7893
1 115.1946
0 115.6
0 117.168
0 117.6053
1 118
