さめかぞく
creater
120 60 3.5 500 400 300
0 2.767982
1 4.495986
0 5.167982
1 5.66932
0 6.202653
1 6.78932
0 7.045329
1 7.26932
0 7.471995
1 7.695987
0 7.941316
1 8.122653
0 8.335986
1 8.538662
0 8.815987
1 8.815987
0 9.871996
1 9.871996
0 10.89599
1 10.89599
0 11.89866
1 11.91998
0 12.97599
1 13.48798
0 14.02131
1 14.26664
0 14.52265
0 15.06664
1 15.06664
0 15.54664
1 15.56798
0 16.12265
1 16.65599
0 17.22132
1 17.42399
0 17.64798
0 18.72533
1 18.97066
0 19.17331
1 19.67465
0 20.12265
1 20.36798
0 20.57066
0 20.92265
1 21.31732
0 21.872
0 22.91732
1 23.14132
0 23.37599
0 24.49599
1 24.99732
0 25.51998
1 25.74399
0 26.02131
1 26.31998
0 26.41599
1 26.50132
0 26.78932
1 26.85331
0 27.14132
1 27.37599
0 27.59998
1 28.06932
0 28.44265
1 28.49599
0 28.62399
1 28.83732
0 28.92265
0 29.25331
1 29.46664
0 29.69066
1 30.17066
0 30.50132
1 30.58664
0 30.72533
1 30.91732
0 30.992
0 31.30132
0 31.50399
1 31.71732
1 31.952
0 32.84798
1 33.29599
0 33.83998
1 33.85066
0 34.05331
1 34.07465
0 34.39465
1 34.59732
0 34.72533
1 34.82132
1 35.17331
0 35.23732
1 35.52533
0 35.74932
1 35.97331
1 36.42131
1 36.79465
0 36.86932
1 37.12533
0 37.19998
1 37.31733
0 37.57331
1 37.81866
0 38.05331
1 38.49066
0 38.84265
1 38.91732
0 39.02399
1 39.24798
0 39.32265
0 39.62132
0 39.84533
1 40.06932
1 40.34665
0 41.16798
1 41.39199
0 41.60533
1 41.83998
0 42.26664
1 42.28798
0 42.50132
1 42.52265
0 42.76798
1 43.02399
0 43.09866
1 43.21599
0 43.45066
1 43.49331
0 43.59998
0 43.86665
1 44.09066
0 44.272
1 44.80533
0 45.13599
1 45.31733
0 45.46664
1 45.55199
0 45.64798
0 45.93599
0 46.22399
1 46.41599
1 46.70399
0 46.94932
1 47.19465
0 47.24798
1 47.37599
0 47.62132
1 47.69599
0 47.82399
0 48.06932
1 48.06932
0 48.29331
1 48.32533
0 48.51732
1 48.752
0 49.01866
1 49.49866
0 49.51998
1 50.04265
0 50.05331
0 50.59732
1 50.79998
0 51.14132
1 51.14132
1 51.62132
0 51.65331
0 52.71998
1 52.92265
0 53.18932
1 53.19998
0 53.69066
1 53.69066
0 54.28798
1 54.50132
0 54.74664
0 55.26932
1 55.32265
1 55.71732
0 55.73866
0 56.30399
1 56.54932
0 56.92265
1 56.92265
0 57.90399
1 58.40533
0 58.93866
1 59.14132
0 59.43998
1 59.77066
0 59.86665
1 60.14399
0 60.21866
0 60.57066
1 61.01866
0 61.51998
1 61.51998
0 62.02132
1 62.02132
0 62.57599
1 62.79998
0 63.11998
1 63.62132
1 64.09066
1 64.592
0 64.84798
1 65.10399
0 65.37066
0 66.17065
1 66.19199
1 66.672
0 66.69331
0 67.19465
1 67.39732
0 67.58932
1 67.85599
0 67.94131
1 68.04798
0 68.12265
1 68.30399
0 68.36798
1 68.65598
0 68.86932
1 69.12533
0 69.57331
1 69.85065
0 69.93599
1 70.19199
0 70.26665
1 70.61866
0 70.85331
1 71.04533
0 71.41866
1 71.74932
0 71.82399
1 72.15465
0 72.19733
0 72.51733
0 72.71998
1 72.94399
1 73.16798
0 73.99998
1 74.41599
0 74.91733
1 75.91998
0 76.97598
1 76.97598
1 77.93599
0 77.98932
0 78.61866
1 78.85331
0 79.11998
0 79.58932
1 79.58932
0 80.66664
1 80.90131
0 81.12533
0 81.61599
1 81.61599
1 82.69331
0 82.91733
1 83.21599
1 83.73866
0 83.74932
0 84.21866
1 84.23997
0 84.77331
1 85.25331
0 85.44533
1 85.74399
1 86.26665
1 86.672
0 87.32265
0 87.86665
1 88.272
0 88.38932
1 88.62399
0 88.66664
1 89.01866
1 89.44533
0 89.93599
1 90.22399
0 90.31998
0 90.73598
0 90.93866
1 91.14131
0 91.37598
1 91.64265
0 92.09066
1 92.10132
0 92.68798
1 92.69866
1 92.92265
0 92.94399
0 93.19997
1 93.19997
