예쁜아기곰
creater
120 60 3.5 500 400 300
0 0.3999772
1 0.6666441
0 0.8906577
1 1.146644
0 1.583991
1 1.967982
0 2.447982
1 2.693311
0 2.927982
1 3.205329
1 3.695986
0 4.197324
0 4.698662
1 5.199977
0 6.245329
1 6.479978
0 6.703991
1 6.94932
0 7.631995
1 8.591995
0 9.647982
1 9.647982
0 9.925329
1 9.925329
0 10.65066
1 10.65066
0 11.66399
1 12.66664
0 13.63732
1 14.63998
0 15.67465
1 16.66664
0 17.69066
1 18.61866
0 19.67465
1 20.61331
0 21.67998
0 21.95732
1 22.63998
0 23.69599
1 23.99465
0 24.592
1 24.80533
0 25.25331
1 25.75465
1 25.99998
1 26.60798
0 27.16265
0 28.19732
1 28.19732
0 29.17866
1 29.17866
0 30.20265
1 31.20533
1 32.19732
0 33.18932
0 34.19199
0 35.25866
1 35.72798
0 36.20798
1 37.12533
0 38.18132
1 39.11998
0 40.17599
1 41.16798
0 42.15998
1 43.08798
0 44.12265
1 45.18932
0 46.12798
0 47.17331
0 47.57866
0 47.96265
1 48.49599
1 48.73066
0 49.21066
1 49.61599
0 49.96798
1 50.43732
0 50.66132
1 50.89598
1 51.22664
0 51.66399
1 52.19732
0 52.64533
0 53.19998
1 53.19998
0 54.22399
1 54.22399
0 54.512
1 54.512
0 55.91998
1 56.432
0 56.66665
1 56.91199
0 57.18932
1 57.63733
0 57.95732
1 58.43732
0 58.68265
1 58.91732
0 59.22664
1 59.67465
0 60.20798
1 60.69866
0 61.23199
0 62.13866
0 62.40533
1 62.672
0 62.90665
1 63.16265
0 63.40798
1 63.69598
0 63.91998
1 64.17599
0 65.15733
1 65.42399
0 65.66932
1 65.88265
0 66.15998
0 67.19465
1 67.43998
0 67.70664
1 67.94131
0 68.20798
1 68.69866
0 68.94399
1 69.17867
0 69.42399
1 69.66932
0 69.92533
1 70.20265
0 71.09866
1 72.05866
0 73.10399
1 74.06399
0 75.07732
1 76.02664
0 77.05066
0 77.56265
1 78.08533
1 78.59732
1 79.55733
0 80.46399
0 81.55199
1 82.55465
1 83.56799
0 84.592
0 85.61599
1 86.66132
0 87.67465
1 88.69866
0 89.65866
0 90.69331
1 91.66399
1 92.70932
0 93.64798
0 93.96798
1 94.672
0 95.65331
1 96.66664
0 98.74664
1 99.69598
0 100.624
0 101.7227
1 101.7227
0 102.6613
1 102.6827
0 103.6213
1 103.9413
1 105.232
0 105.6373
0 106.512
1 106.768
0 107.2266
1 107.7066
0 108.208
1 108.688
0 109.2427
0 110.416
1 110.416
0 110.6613
1 110.6613
