ぞうさん
creater
120 60 3.5 500 400 300
0 5.146644
0 6.693311
1 7.226644
0 7.74932
1 8.015986
0 8.346644
0 8.86932
0 9.135986
1 9.434649
1 9.765328
0 10.07465
1 10.28798
0 10.57599
0 10.85331
1 11.09866
0 11.39732
1 11.70664
0 12.20798
1 12.79465
0 13.37066
1 13.63732
0 13.93599
0 14.23465
1 14.50132
1 14.78932
0 15.03465
1 15.41866
0 15.67465
1 15.94131
0 16.18664
1 16.44265
0 16.70932
1 17.30664
1 17.82932
1 18.09599
0 18.37331
1 19.00265
0 19.91998
1 20.47465
0 21.73331
1 22.23465
0 22.81066
1 23.11998
0 23.94131
0 24.20798
1 24.46399
1 24.73066
0 25.06132
1 25.56265
1 26.72533
0 27.24798
0 27.81331
0 28.10131
1 28.36798
0 28.90132
1 29.47732
0 29.75465
1 29.97866
0 30.24533
0 30.54399
1 30.54399
0 31.05598
1 31.05598
0 31.68533
1 31.68533
0 39.81331
1 40.44265
0 41.03998
0 43.36533
1 43.57866
0 43.89866
1 44.18665
0 44.46399
0 45.01866
0 45.28533
1 45.56265
1 45.85066
0 46.11732
1 46.41599
0 46.71465
1 47.24798
0 47.53599
1 47.83465
0 48.36798
0 48.94399
1 48.94399
0 49.49866
0 50.04265
1 50.04265
1 50.28798
0 50.30932
0 50.59732
1 50.87465
0 51.11998
1 51.67465
1 52.22932
0 52.49599
1 52.79465
0 53.06131
0 53.34932
1 53.34932
1 53.87199
0 53.89331
0 54.43732
1 54.45866
0 55.03465
1 55.29066
0 55.59998
1 55.83465
0 56.12265
0 56.70932
0 56.94399
1 57.25331
1 57.51998
0 57.82932
1 58.37331
0 58.91732
1 59.41866
0 59.74932
1 60.05866
1 60.32533
0 60.58131
1 60.84798
0 61.14664
1 62.28798
1 62.54399
0 62.81066
1 63.35464
0 63.39732
0 63.94131
1 64.49599
0 65.10399
0 65.37066
1 66.04266
0 66.30932
1 66.672
0 72.752
1 72.95465
0 73.18932
1 73.51997
0 73.95732
1 74.50131
1 75.03465
0 75.05598
0 76.16533
1 76.16533
