だんご三兄弟
creater
120 60 3.5 500 400 300
0 0.6666441
1 0.8373244
0 1.071995
1 1.274648
0 1.402653
1 1.487982
0 1.583991
1 1.98932
0 2.437324
1 2.917324
0 3.087982
1 3.279977
0 3.525329
1 3.717324
0 4.165329
1 4.687982
0 5.082653
1 5.530658
0 7.439978
1 7.919977
0 8.239977
1 8.645329
0 9.007982
0 9.455986
1 9.839977
1 10.23465
0 10.44798
1 10.62932
0 11.06664
1 11.43998
0 11.87732
1 12.06932
0 12.28265
1 12.68798
0 13.08265
1 13.50932
0 13.69066
1 13.88265
0 14.34131
0 14.71465
1 15.16265
1 15.39732
0 15.71733
1 15.71733
1 16.06932
0 16.09066
0 16.50664
1 16.85866
0 17.64798
1 17.83998
0 18.032
1 18.192
1 18.56533
0 18.93866
1 19.32265
0 19.33331
0 19.73866
1 19.73866
0 20.14399
1 20.14399
0 20.83732
1 21.02932
0 21.24265
1 21.40265
0 21.62664
1 21.81866
0 22.032
0 23.06664
0 23.25866
1 23.472
0 24.23998
1 24.77331
0 25.10399
1 25.46664
0 25.89331
0 26.34131
1 27.21599
0 28.06932
1 28.44265
0 28.87998
0 29.24265
1 29.62664
1 30.04265
0 30.82132
1 31.00265
0 31.20533
1 31.39732
0 31.81331
1 32.18665
1 32.57066
0 32.98664
0 33.29599
0 34.14932
1 34.31998
0 34.52265
1 34.77866
0 35.04533
1 35.25866
0 35.50399
1 35.87732
0 36.33599
0 36.68798
1 37.10399
1 37.53066
0 37.96798
1 38.19199
0 38.37331
1 38.77866
1 39.18399
0 39.58932
1 39.96265
0 40.37866
1 40.85866
0 41.29599
1 41.62664
0 41.81866
1 42.03199
0 42.25599
1 42.27732
0 42.58664
1 42.58664
0 43.37599
1 43.37599
0 43.58932
1 43.58932
0 44.06932
1 44.57066
0 44.79465
1 45.00798
0 45.25331
0 45.45599
0 45.86132
1 46.20265
1 46.65066
1 47.37599
1 47.56798
1 48.21866
0 48.45331
1 49.12533
0 49.96798
1 50.17066
0 50.68265
1 51.02399
0 51.23732
1 51.43998
0 51.64265
1 51.87732
1 52.37866
1 52.81599
0 53.18932
0 53.73331
0 54.08533
1 54.52265
1 54.89598
0 55.37599
1 55.58932
0 55.78131
1 55.96265
0 56.66665
1 56.87998
0 57.12533
1 57.31733
0 57.55199
1 57.77599
0 57.96798
1 58.14932
0 58.37331
1 58.56533
0 58.79998
0 59.00265
1 59.18399
1 59.39732
0 59.56798
0 60.46399
1 61.22131
0 61.43465
1 61.64798
1 62.34132
1 62.52265
0 62.71465
1 64.592
0 64.77331
1 65.00798
0 65.18932
0 65.96798
1 66.19199
0 66.37331
0 66.77866
0 66.93866
1 67.15199
0 67.56799
1 68.00533
0 68.37866
1 68.77331
0 69.27465
0 69.48798
1 69.72266
0 70.06399
1 70.46932
0 70.84265
1 71.21599
0 72.592
1 72.77331
0 72.98664
1 73.16798
0 73.40266
0 73.75465
1 74.14932
1 74.52265
0 75.32265
1 75.50399
0 75.71732
0 75.91998
0 76.66664
0 76.83733
1 77.02932
0 77.45599
0 77.64798
1 77.83998
0 78.52265
1 78.73598
0 79.13066
1 79.56799
0 79.96265
1 80.44265
0 80.83733
1 81.05066
0 81.25331
1 81.43465
0 81.66932
0 82.032
1 82.12798
0 83.21599
1 84.12265
0 85.00798
0 85.16798
1 85.41331
0 85.77599
1 86.17065
0 87.46132
0 87.632
1 87.83465
0 88.31465
1 88.52798
0 88.68798
1 89.072
0 89.25331
1 89.46664
0 90.29866
0 91.21599
0 91.39732
1 91.64265
0 92.02664
1 92.44265
0 94.12798
1 94.54399
0 94.87465
1 95.27998
1 95.64265
0 96.09066
1 96.44265
0 96.87997
0 97.81866
0 98.032
1 98.25599
1 99.08798
1 99.27998
0 99.54665
0 100.6027
0 100.816
1 101.008
0 101.1893
1 101.4666
0 101.8827
1 102.0853
0 102.2773
1 102.4693
0 104.3787
1 104.6666
0 105.2427
1 105.4346
0 105.6266
1 106.2346
0 106.544
0 107.2587
1 107.2587
0 107.8027
1 107.8133
1 108.0266
0 108.048
0 108.2187
1 108.2187
0 108.9227
1 109.3387
0 109.7546
1 109.7546
0 111.024
1 111.0453
0 111.8987
1 112.112
0 112.336
1 112.72
1 113.0827
0 113.5307
0 113.7227
1 113.936
0 114.128
1 114.3413
0 114.7573
0 115.1307
1 115.152
1 115.5893
0 115.6107
0 116.0266
1 116.048
0 116.2187
1 116.2187
0 116.4213
1 116.4426
1 116.7626
0 116.9653
1 117.1893
1 117.648
0 117.6693
0 118.032
1 118.0427
0 118.4373
1 118.4373
0 118.8746
1 118.896
