チューリップ
creater
120 60 3.5 500 400 300
0 5.818662
1 5.818662
0 6.703991
1 6.714648
0 7.26932
1 7.834648
0 8.879977
0 10.14932
1 11.00265
1 12.112
0 13.26399
0 14.37331
1 15.48265
1 16.51732
0 17.67998
0 18.20265
1 18.75732
1 19.26932
0 19.82399
0 20.31465
1 20.90132
1 21.46664
0 22.09599
1 22.31998
0 22.61866
1 23.15199
0 23.71733
0 24.22932
1 24.25066
0 24.73066
1 25.01866
0 25.31732
0 25.86131
1 25.86131
1 26.41599
1 26.672
0 26.92798
1 27.51465
0 27.77066
1 28.06932
0 28.54932
0 29.11465
1 29.62664
0 30.72533
0 31.27998
1 31.82399
1 32.39998
0 32.92265
1 33.17866
0 33.44533
1 33.72265
0 34.03199
1 34.03199
1 35.07732
0 35.09866
1 35.632
0 35.65331
0 36.19732
1 36.45331
0 36.66665
0 37.27465
1 37.27465
0 37.81866
1 37.81866
0 38.37331
1 38.37331
1 39.37599
1 39.952
1 40.49599
0 41.51998
0 42.07465
0 42.672
0 43.78131
1 44.25066
0 44.82664
1 45.37066
1 45.96798
0 45.97866
1 46.44798
0 47.03465
1 47.54664
0 48.16533
1 48.16533
1 48.67732
0 48.69866
0 49.19998
1 49.19998
1 50.31998
0 50.91732
1 51.41866
0 52.51732
0 53.01866
1 53.57331
1 54.09599
0 54.672
1 55.19465
0 55.72798
0 56.84798
1 57.37066
0 57.94664
1 58.50132
1 59.02399
0 59.56798
0 60.16533
1 61.19998
0 61.22131
0 61.72265
1 61.72265
0 62.26665
1 62.29866
1 62.76798
0 63.36533
0 63.91998
1 64.47465
