どんぐりゴロゴロ
creater
120 60 3.5 500 400 300
0 4.378662
1 4.815986
0 5.359977
1 5.605329
0 5.861315
1 6.085329
0 6.383991
1 6.874648
0 7.10932
1 7.375986
0 7.877324
1 8.453311
0 9.466644
1 9.98932
0 10.55465
1 11.04533
0 11.54664
1 12.00533
0 12.52798
0 12.76265
1 13.05066
0 13.59465
0 13.81866
1 14.08533
1 14.62932
1 14.84265
0 15.15199
0 15.67465
1 16.112
0 16.61331
1 16.61331
0 17.07199
1 17.09331
0 17.62664
1 17.62664
0 18.17066
1 18.17066
0 18.68265
1 18.68265
0 18.94932
1 18.94932
0 19.19465
1 19.21599
0 19.69599
1 19.952
0 20.16533
0 22.79998
1 23.27998
0 23.80265
1 24.28265
0 24.81599
0 25.90399
0 26.14932
1 26.84265
1 27.87733
1 28.16533
0 28.85866
1 29.93599
0 30.94932
1 31.23732
0 32.00533
1 32.23998
0 32.96533
0 33.46664
1 33.93599
1 34.512
0 35.06664
1 35.30132
0 35.56798
1 36.09066
0 37.09331
0 37.60533
1 38.07465
1 38.62932
0 39.21599
1 39.41866
0 39.67465
1 39.91998
0 40.13331
1 40.61331
0 41.16798
0 41.66932
1 42.22399
1 42.70399
0 43.27998
1 43.52533
0 43.71732
1 43.89866
0 44.13331
1 44.33599
0 44.78399
1 45.29599
0 47.35465
0 48.39998
0 48.67732
0 48.96533
1 49.38131
1 49.90399
1 50.89598
0 51.952
1 52.96533
0 54.03199
1 55.04533
0 55.71732
1 56.09066
0 56.57066
1 57.07199
0 58.10664
1 59.08798
0 60.13331
1 61.11465
0 62.25599
0 62.672
1 63.19465
1 63.73866
0 64.31465
1 64.54932
0 64.81599
1 65.31732
0 65.79733
0 66.84265
0 67.34399
1 67.85599
1 68.35732
0 68.87997
0 69.35998
0 69.91465
0 70.39465
1 70.94932
1 71.47199
0 71.952
1 72.47465
0 72.95465
1 73.50932
0 73.98932
0 74.51199
1 75.08798
1 75.632
0 76.11199
1 77.14664
0 77.60533
1 78.12798
0 79.17331
0 80.23997
0 81.26399
0 82.73598
1 83.73866
0 84.39998
1 84.39998
0 84.78399
1 84.78399
0 85.29599
1 85.29599
0 86.29866
0 86.77866
1 87.30132
1 87.97331
0 88.57066
1 88.87997
0 89.14664
1 89.48798
0 89.86131
1 89.86131
